LEC9001 2
DPIT111 8
40000003 20.0 40000001 100.0 40000006 60.0 40000007 70.0 40000004 90.0 40000010 70.0 40000011 74.0 40000008 40.0 DPIT121 4
40000002 45.0 40000005 70.0 40000009 21.0 40000012 75.0 LEC9002 2
DPIT115 7
40000002 -1.0 40000003 20.0 40000007 -1.0 40000005 50.0 40000011 0.0 40000009 60.0 40000012 75.0 DPIT114 8
40000003 45.0 40000001 70.0 40000006 60.0 40000007 70.0 40000004 4.0 40000010 70.0 40000011 74.0 40000008 40.0 LEC9005 2
DPIT128 4
40000002 35.0 40000005 60.0 40000009 20.0 40000012 75.0 DPIT127 4
40000002 25.0 40000005 50.0 40000009 30.0 40000012 65.0 LEC9006 0
LEC9003 1
MGNT110 8
40000003 35.0 40000001 80.0 40000006 60.0 40000007 70.0 40000004 30.0 40000010 70.0 40000011 74.0 40000008 40.0 LEC9004 1
DPIT113 8
40000003 95.0 40000001 60.0 40000006 60.0 40000007 70.0 40000004 21.0 40000010 70.0 40000011 74.0 40000008 40.0 